0.266588132157  0.346241301846
0.225448833854  0.367605428013
0.183944258762  0.410246927109
0.159315471298  0.46987379687
0.16465764433  0.533692217778
0.18971563202  0.574064434825
0.24270816211  0.612249557102
0.279007542966  0.622810622249
0.323854400672  0.63548116085
0.351021861816  0.67797654923
0.402160612204  0.699144339123
0.472649900462  0.718143298084
0.545650466641  0.715860318156
0.614724307344  0.692309097218
0.647316128797  0.668835497598
0.682273117455  0.632590908261
0.695514401037  0.611286139572
0.704865486823  0.566585392581
0.705632568078  0.52190290943
0.731421109346  0.519720380618
0.778706189615  0.515364454916
0.80900589922  0.500406370427
0.839524774898  0.472681862181
0.842620495681  0.417356126605
0.830401987106  0.379084251091
0.809489890965  0.347213851296
0.75602250105  0.336689313828
0.706664475006  0.336794330904
0.655306558545  0.328392964769
0.614459481672  0.332735192592
0.5736124048  0.337077420415
0.515670374226  0.337200701331
0.466348875861  0.335177981115
0.410589374098  0.333168958779
0.35690281811  0.335410845068
0.311836794331  0.335506730225
0.282815553486  0.275994009461
0.257465344365  0.252643690757
0.230115244827  0.220786988841
0.211422205176  0.1846565485
0.218663817508  0.137832630176
0.266241119208  0.116454806129
0.300248388216  0.135531386408
0.314685953281  0.169543221376
0.316174456194  0.207837926689
0.302494840465  0.254675542893
0.540372217047  0.273318356985
0.514839369532  0.260606724746
0.491671689223  0.235124102789
0.466540646175  0.199007360327
0.460796668676  0.158594049641
0.4892060709  0.128746370062
0.532235676584  0.122271838986
0.557585885705  0.14562215769
0.567731448505  0.179643124578
0.5628184757  0.215823790477
0.553650028309  0.249885851004
0.776468869286  0.270688364108
0.755154968678  0.262223074535
0.729731704199  0.243128230417
0.713002027286  0.21763191058
0.700564352638  0.192126458824
0.699039322046  0.155959490804
0.720974193195  0.128253246397
0.755419794349  0.121796979161
0.793865176337  0.132353478348
0.799828319909  0.160000365277
0.80138987818  0.194039596004
0.796549960733  0.225964787318
0.789600569832  0.255766807298
